83ᾳ

806003

’ 2, 1081, 1086, 1154 0101160610, 401160101010, 1222110160-
dinem, 155 110100000103, 158 30061111003, 166, 10141056100101,
294 5010061003, 318 3016101613, 442 001011101010, 447 300601011,
479, 646, 671 3006010100, 508 3001631101010, 508 1111000100ιο
1170016011 p. 93), 604, 772 0116001003, 655 3006111011, 734111101-
01101, 735, 738, 748110160111103, 78010116011031, 83001016360031,
1139 3011613116030, 1225 1106060, 1341, 1370 110163101001, 1363
orepsmdiis.

Stichus.
153 1101631010311, 116 facillume, 137, 2141116001001, 276
1056060000, 278 0006310100, 280, 347 110160610010, 300 ’301161-
biae, 306 Olympios, 484 0116111010, 516 110160610.

’11100011003

22 31160110, 1231 0016110631, 315 ο11610110101001, 317 100-
1163110, 338 egestatem, 358, 371, 686 (bis) eg4statem, 398 30-
060106, 425 0111011100, 1471 0106065031, 491 1000600011, 630
facillumum, 774, 788, 816, 848, 874, 894, 896, 949, 951, 986
0111310103, 888101063001001, 9121006100100101031, 1002 epistolae,
1034 11061111010, 103710163101001, 117610016110030, 1189110160-
(110010,898 epistolam.

Τ-1000100103.

ᾗ 20 3011615100, 172 001611001031, 202 0116111601, 293 11016310-
1010, 396100613100010, 39701113101010, 4141106111010, 439100001-
litus, 478 101611101οῐ0, 685 cavillatorem, 714 00003101001, 902
11061110100. ’

Vidularia.

82 0160601001.

β) altera syllaba 1101010 longa 031.

Amphitruo.

24 1110011110, 41 6011066113, 51 1101066100, 52 tragoediam,
54, 93 1101106010, 121, 124, 141, 458 1010110010, 186 01000103,

 

