30

256 amator, 267 3311363, 272, 646, 1035 1133613111, 285 3131113,
286 profanum, 444, 499, 571, 579, 603, 681, 690, 1133 3316-

⁴ rem, 482 1133613,Ι 509, 581 331611, 537 1366311131, 542 8111611131,

5631336133, 602 erilem, 624, 1154 priorem, 626, 746, 865
135163, 644 533611, 651 amicae, 666 31331631, 6763113163, 682
3563113, 686 3316113, 694 5336113, 696 pudicc‚ 701 136313, 716
3311363, 721 iubarum, 722 saginam, 734 parata, 740 benignum,
772 33161331, 782 locata, 825 3316133333, 858 choragc, 875
31313613, 935 333113, 946 pudicum, 990 novarum, 1025 13561331,
1313131133, 1083 peram, 1333 fiam, 1131 solatum, 1112
1356133, 1130 5313631, 1153 3316113, 11811356113, 1189 paratum

Τ111331331113.

2 31363313, 3 41116313, 40316113, 10, 90, 497 1111161133,
34, 41 benignae, 40, 47, 135, 165, 169, 171, 236, 239, [241]
amator, 43, 214 amaria, 54 ahenum, 103 331133, 128 benigne,
141, 913 3316113, 166, 893 amicam, 170, 172, 239, 356 amicae,
171, 216, 880 33113113, 179 33613, [180 313313[, 222 1133633331,
[23613113113[, 238 avarae, 244 (1316133, 254 (13161331, 259 33161131,
260 331613, 274 3116333, [281[, 383, 501, 785 negati, 293 3316113,
297 311113, 315 senapi, 346 amarum, 415, [807] 135613, 417
1316133131, 41813113133, 438 331611, 456 (13161313, 459 avari,
460, 519 (1316133, 461 (131633, 497, 917 33113313, 499, 575 prc-
pinque, 500, 627 11133113613111, 536 1356133, 540 3316133111, 547
1336133, 552 53361331, [571 (131611[, 574 1133613, 3311313, 583
amata, 591 honoram, 598 313613, 605, 607 lubidost, 615 61111333,
623 amicam, 63311116133131, 643 (116533, 652, 654 3131313313,
655, 956 crumina, 66113361313, 669 3111313, 676, 692, 726
Strabacem, 088, 689 13563331, 724 3133161, 781 bilinguis, 790
nepati, 808 5361331, 822 33116333, 824 11111613, 837 3316133,
869 cubili, 885 313131, 906131133, 914, 920 amica, 927 machaera,
930 1336133, 960 (1311111131.

Vidularia.

20 negati, 40 pudicc, 60, 62 patrimum, 08 amicum.

 

