85

putamina, 687, 740 55115515, 716 11551151, 718 novicium, 767
155555515555551,769 5555115615, 774 amoenitate, 901 ciborium,
981 quadrimulum, 988 5555115115, 10021555515155, 1030555615,
1036 pudicitiae.

Casina

18 pootarum, 82 46555155515, 100 negotium, 130 famelicus,
155, 564 5515651515, 229 amoenitas, 328 amotio, 338 55151555,
529 1115555155, 590 amisium, 8015515511651 (1155155115299).

Cistellaria.

72 5555156551, 17 55511555, 22, 53, 78, 95, 630, 631,
714 Solonium, 24 amicitia, 26, 92 amicitiam, 88 pudicitiam,
141 1151511555, 143 amatorem, 171, 575 Melaonidi, 288 precario,
318 55151555, 320 opiniost, 3731) negotioli, 406 amiculae, 407
(1155515155, 448 benigniter, 451 551515515, 507 remissurus, 587,
595, 783555561551, 644 551551151, 649 1555511115, 7615551551655.

Curculio.

126 55511651, 140 5155551555511, 158, 356, 6961155551515,
201 amatorem, 219 valotudo, 258 5555111555, 283 negotium,
ι319 vacivitate, 333 fideliter, 380, 523, 019 555551515, 383
poeonia, 471 5155511155, 482 haruspicem (Vanioek 5. 96), 506
5511555511, 591 tragoedia, 660 sororium.

Epidicus.

52, 114, 122, 141, 295, 646 quadraginta, [110 pudicitiucl,
130 piacularem, 160 potissumum, 180, 407 poeonia, 186, 357
Apoecidem, 188111155015551, 202, 255, 280, 374, 394, 495,
686, 693, 714 Apoecides, 214 curatoribus, 221 1555115515, 231
5155550515, 234 Laconicum, 235 55555515, 312 Apoecidi, 343
5515111551, 405, 541 pudicitiam, 425 amicius, 427 negotium,
600 seror-itudine, 615 5156151115, 736 55555516565.

Menaechmi.

115551115516551, 17, 69, 409, 1097 8111555515, 128, 203
5155611155, 144 1105115515, 159 leonino, 173 1115615515, iul, 201

 

