974, 881 66116, 445 crepabunt, 476 perirem, 500 116616, 527
61116616, 564, 598 666616, 638, 1251 6616616, 646 tacere, [710],
772 666666, 794 6616616, 816 666666, 833 bibisti, 835 calebat,

876 6666616, 886 haberent, 899 6611116, 900 6616666, 900, 1084
66166666, 922 rogare, 927 1111166666, 928, 1196128066166, 938
(16166166, 982 666616, 1007 66166616, 1034611116, 1082 6666166,
1108 666616, 1167661666, 1192 iubebit, 1172161666, 1185
venno, 1202, 1223 amari, 1266 abiret, 1224 66166, 12266661,

1230 gravetur, 1247 6166166, 1262 61116166, 6166166, 1242 adibo,
1266 6616661, 1268 611116, 1280 6611666, 130016616661, 1318
66161666, 1333 quiescat, 1339 661666, 1340661666, 13616161616,
1368 6166616, 1426 6616616, 1427 6616116, 1430 habebat.

Mostellaria.

9 6616666, 12, 426, 443, 1051, 1162 venire, 14 66616666,
36, 53, 271 616616, 51, 1068 6111616, 5616166666, 67 661616,
83 66166, 90 666616, [93], 622, 822 61116661, 166 616666, 167,
2846166616, 183 amarem, 202 reliquit, 210 6166616, 230 egere,
231 amabunt, 232 videbunt, 239, 5981166616, 244 1666666111,
298, 324, 343 amabo, 3021666111, 319 666111, 319331111611616,
349 perisse, 377 66116, 385 616666, 386 666666, 391 66166,
452 1661111166, 479, 481 6666616, 480, 798, 962, 1078 opinor,
481 61161616, 486 abimus, 520 66166666, 535166616, 5531666661,
558 6111666, 564 6111616, 566 611116, 579 1611166, 582 6166666,
614 moratur, 753, 8001166166, 8031661616, 856 6111611, 880
666666, 917 subegi, 924 666616, 937 16616116, 989 661666, 1005
666616, 1024 negabo 1080 dedisse, 10811666116, 1083 negavit,
1090 <616>1 opino, 1108116111661, 1113 66166, 1117 reliqui,
abibam, 1133161616, 1158 661616, 1164 616666, 1173 <616>1
quiesce, 1178 gravaris, 1180 666666. ’

Ρ6166.
96166616, 15, 274, 343, 651 (6161661661, 37 reponam,

39, 642 rogare, 205 amabunt, 216 rogavi, 245 616666, 245,
336, 765, 849 616666, 246, 6671) 666666, 246 666666, 262 666661,

 

