68

-—-—-—-

130 616666661, 136, 142 5651511, 136, 254, 361, 398, 610, 617
661666, 142 66166, 143 661616, 155, 555 161556, 168 561666, 182
negnre, 186, 476 gravare, 204 6666611, 20616566661, 23765156,
248, 254 rogare, 293 65161, 312 56666661, 3371666666, 390
66666616, 409 reveni, 410 615616, 411 redisse, 436 565616,
439 165666, 447, 727 666666, 468, 708, 710 6666166, 51416166,
568166656, 576 6666511, 585 redisse, 600 666616, 6681666166,
671 relinque, 66116665, 674 615661, 686 666661, 716 vereri, 730
emimus.
Trinummus.

22 661616, 52, 773 661666, 76 615666, 173 666666, 182
redemi, 194 6666611, 195 volebam, 233, 764, 861, 1130 opinor,
266 566616, 339 meretur, 345 pudere, pigere, 347, 355 6656-
mus, 353 egere, 360, 417 eomedit, 376161515, 412 5651511,
422 66166, 447 6666611, 4651166611, 514 6566665, 552, 587,
852 6156166, 591 661661, 652 relinqui, 657 5666661, 659 merere,
666656, 660 666166, 661 665666, 663 16166156641666615, 678
relinques, 683, 687, 1154 566666, 683 egere, 691 5651556, 801
166666, 813 6666661, 833 161155661, 844166661, 874 666661, [829
56666666 1031 666666, 1034166666, 1041 65166, 1075 6611661,
1092 agebat, 1101 daretur, 1104 6156615, 1105166616, 1152
5616161, 1172 66666566, 1184 iubebis.

Τ6666166165

96666665, [17 ama‘ril, 65 6616166, 71,142,148,[242[,
875 565666, 76, 194, 530, 607, 678 666666, 79161556, 128,
132, 138, 165, 197, 352, 364, [442[, 665, 684, 696, 719, 872,
873, 958 666666, 138 56515115, 150 66661, [1506 1165666656 155
comestis, 162 habebam, 163 quiescat, 165 666616, 186 615666,
190 6156611, 191 amemus, perimus, 198 1666661, 212 1656611,
217 6666561, habemus, 222 6666611, [235 66661661, 237 solere,
276 6666511, [286[, 301 66166, 300 666166, 310 coegit, 323 16-
6666, 324 6666166, 393 5656561, 397 remisit, 399 necarem, 419,
875 666666, 433 6661565, 4441666666, 463 6156115, 477, 838
65116, 498 reliqui, 502, 685 661666, 512 salita, 513 reliquit,

 

