Q„-

perendie, 533, 534 5100010001, 851 superbiam, 880 0101010100,
945 Zacynthiust.

Miles gloriosus.

7000011600, 78 satellites, 90 0111111011, 211 0011100010 (01.
0011100ος 0010000 0. 172, Buenger p. 25), 246 simillimus, 450
volontate, [642 cavillator 17001501( 0. 319), 651 1000010110, 657
0000010100, 694 supercilia, 713 miserrumum, 777 Alexandri,
802 0111111000, 972 potestatemque, 1162 0010010100, 1179 tha-
lassioust, 1182 gubernator, 1225 0010101010, 128211101000100, 1399
0100110010. ’

Mostellaria. ’

33 magisteria, 791110001110,85100010010010. 24), 134
potestate, 162 molestiam, 241 0001101100, 449 11100010 , 532
scelestiorem, 983 sacerrimus,

Persa.

274 molestiam, 332 1014011600, 336, 594 0010011500, 421
001000100100,,501 Τ10010111000, 519 silentium, 602 0010010100,
694 epistolam, 770 0100101000.

Ρο000100

35 0101001100, 1460101000110), 90 0000110010, 93 Anactorio,
145, 1217 volirptati, 154, 203, 419, 757, 831, 894 Adelphasium,
255 1000010110, 325 laterculos (Vanioelr p. 173), 498 0100000100,
740 Diespiter, 836 epistolae, 1045 000010110100, 1000 0116010-
110100, [1180011001010100 1232 honestiust, 1276 0010010100, 1123
0100001001, 87, 896 Anactorio.

Pseudolua
39 repentina 68 papillarum, 74 miserrume, 107 0000101-
11110, 146 peristromata, 147 Alexandrina, 284 0100110100, 396
1011001100, 647, 691, 716, 984, 987, 990, 093, 997, 998, 1011,
1202, 1203, 1200 epistolam, 670, 690, 1001, 1002, 10081097

epistula, 605 egestatem, 1005, 1006 0010010000, 1257 1000010-
100, 1010010100.

 

