86

1111111111111, 255 1111111111, 201 pecnnia, 300, 523, 674 1115111111,
331, 5118, 5110, 6111, 652, 670 11161111, 356 111116θηὶ1118, 350 1111-
111111111111, 542 111111111111111.121, 1037 11111100, 1060 81111011111111,
11172 111111111111111, 11110 81111111111111111, 1127 renslntiatumst.

Mercator.

11 benignitas, 14 11110111ιί11, 06 1111111Ιί11111, 101 1111ςὺ1111,
111·111’11111111,273, 2711, 287, 326, 328111161111111, 389'ben1gnitatem,
3111 1111111111, 313111111111111111, 4141111111116111, 4836451101185111111111,
5117 laboriosi, 525 1111111111110111, 581 1111516116, 654 relicturum
111. 2111, 714 11111111111111, 741 1111111011, 704111111011111113, 806111-
1111111111, 8411 111111111111111, 877 1016111111, 807 amicior.

Miles gloriosus

8111134 1111111111111111, 151 111111111119111, 161,1200 Palfiestri·
11111111, 1110, 105, 217, 2711, 324, 375, 415 (bis) 460, 570, 502,
1133, 7811, 817, 807, 111111, 111114, 1004, 1301, 1313, 1342, 1434
11111111111111, 280, 245, 3814401111111111111, 350111115111111111, 374
1111111114111, 3811 111111111111111111, 44113111111191181, 447 neg6tiosum,

71, -1811 1111110111, 5118 11111111111111111111, 580 111111110, 523, 816, 873,
1120, 1113 1111111111111111. 611 111111411111111111, 1656 am6euitatemquel,
111151 1111111ιί1111, 1103 1111111111111111, 11οἶ1 1111111111111111, 78318060110111,
81111, 1120 11111111111111, 880 1111101111, 080 Ρ1111110111111, 1006 (3010-
111111, 1111181111111111·Ι 11ῖ2 111111111111111111111, 118850111111111111, 1200
111111111111111, 123811111111111111. 1322 1111111111, 132310160101, 1354
fidolium. 131111 1111111111111111, 1413, 1421 1111111111111111.

1111111111111111.

130 1’1·1·1·1·111111111111, 1110 11111111111111111. 161 11111110, 1641111111·
1111111, 218 1111111111, 2251111111111111111. 227 1111511111111, 253, 205,
001. 00Ι 111111111111111111. 010 11111111111111111. 404111061111111111, 565,
011, 111111 111111111111111. 1170. 882 meridiem. 622 iddneus, 627,
111111, 11111, nis. 10111, 1020 111111111111111111. 650 meridieS, 658
1111111111111111 1111. 1111111010, 755, 750. 008 gyllzioeeum, 770 111111-
11111111. 8110111111111111. 11111 1111111111111111. 112650011101111, 1140
11111111111111111.

 

