151555, 489 1515155, 494155555, 499 55155555, 504 555115, 517
555555, 551 55155, 553 516555, 559 5555155, 579 555551, 611
(bis) 622 516555, 677 55555555, 7095516155, 7181555551, 738,
867 555555, 747 1555155, 75855115, 800 5565555, 862155515,
898 55555555, 8995555555, 912 5555555, 915 5555555, 922 56155,
9685516155, 1054 555155, 1075 555515, 1134 551555, 11901515551,
1227 5555555, 1271 reliqui, 1281 555151, 1314 5555555, 1320
6515555, dolerem, 1333b 555555, 1335 555555.

856555

3 5165115, 23 5155555, 44, 462, 566 555555, 62, 141 5555511,
82, 159, 324 551515, 91 nequivi, 136 555551, 1461555555, 190 ,
551151, 192 555515, 55555555, 194 55555551, 240 516555, 246
155555, 249 55155, 555556, 2531), 343, 355, 430438, 444 555555,
2621555555, 270 555155, 271 veniri, 287 5515511, 296, 552,
[764] 55555555, 302 redimus, 308 555155, 311 5551115, 327, 344
5555511, 332 555555, 339 55555551, 350 5555511, 361, 466, 661,
999, 1061, 12021268, 1297 opinor, 366 51655155, 378 551551,
379 5555551, 389 5655111,<515>;15555551, 390 5555155, 404 rogabo,
406 655555, 411 15555555, 413 55516611, 438, 440 gravare, 477,
1022, 1261,13211ι55555, 507 6561511, 519 5555555, 545 5555511,
601, 607, 983, 1230, 1242, 1306 5165155, 602 555555, 687,
6911555515, 6881151515, 691556515, 707 55115, 749, 753 5555515,
781 (5655515, 817, 834, 9441), 1027 55155, 818 56155, 846 se· Ἴ
655551, 858 556115, 879 5555515, 899 55515551, 923 1551555551, ,
1017 5555555, 1018 5561155, 1029155515, 1049 1155515, 1054
5511515, 1064 nequitur, 1108 rogari, 1117 1155511, 1123 5515555,
1126155555, 1140 5555511, 1179 555155, 1226 55515511, 1243
5555151, 1246 555555, 1264155555, 1275 55161551, 129155555561,
1292 negatis, 1296 1555115, 1334155555, [1347 5555151, 1391
1555511, 1394 15555511, 1402 155555, 1421 5515115.

Stichus.

8, 752 555555, 21 55155165, 64 51655155, 80 5155555, 91
555556, 92 556515, 100 11555115, 1191155555, 123, 298 5165155,

 

