,61

9390110110, 742 videret, 745 valete, 0111010, 772 propinet, 781
iubebit, 788110νο11, 835 011011, 869 11050110, 935 1101010, 940
0111110, 941 semus.

Aulularia.

13, 21 reliquit, 1711050101, 77, 619, 728, 729, 782 opinor,
109 re'nnquo, 110, 11010100, 115 saniant, 123, 131 habere,
124 habemur, 1301101010, 142 amabo, 1561010111, 17901111)οι1,
185 00111101, 1861101010, 192100010, 202 adire, 2281000001111,
247 petitum, 26310110, 300 perisse, 319 1100101, 372 1101101011,
376 fuerunt, 381 egere, 440 haberes, 455 01110496 0111011011,
527 11101111, 577 cavebo, 579 1011011111, 596 laborent, 612 1010110,
6371101010, 1144101010, 6801101010, 74601110, 769 01101111, 798
remisit, 803 videtur, 82811010000.

¹ Bacchides,

24, 511ορ110, 22 liquescunt, 32, 75,100, 565 011010, 44,
53, 62, 1197 amabo, 95, 729, [989 b] 10110110, 100, 1121 a, 1149,
11921), 1193 01110110, 112, 139, 145, 695, 838, 854 videtur, 121
11110011, 145, 146 habebis, 155, 322, 323, 487, 774, 1039 opinor,
1581101011. 172 salino, 179 abire, 184 venire, 1881000010, 189
volebam, 226 valebit, 238 redire, 241, 535 adibo, 243 00111101,
260 regine, 269 1111110111, 299 videmus 339 licebit, 344 110010,
355 agetur, 356 relinquet, [3951110111 4121101101011, 452
videre, 400 peribat, 4731001101, 4831011010, [4851010001 488
deceret, 490 perire, 527 requiram, 564 haberes, 572 1101101110,
579 10001111, 580 00110000, 606 revenit, 618, 1022 habere, 619
1111010687 dedisti, 702 0110110, 708 agtmns, 727 0010011, pa-
1011, 759 bibisse, 818 eminet, 878101010, 9780111110, 981 coegi,
983 loquebar, 1017 pudere, 1011 redemi, 1030 abiret, 1064
mortno, 1071 10111100, 11211) adegit, 1129 fuisse, 113511010,
114011101010, 1211 valere.

Captivi.

1 videtis, 7 fuerunt, 10 tenetis, 23 11010110, 38 11000111,
52 agitur, 67 valete, 75, 8111010011, 80 0010101, 120, 399, 513,

 

