187 661666, 196 [218] 661666, 210 olivi, 270, 337, 416 Athenis,
28616111, 287 (16616166, 289 6611616661, 293, 300 66616,
301 olivum, 306, 311 666161, 3081116616, 371 166666, 380
666611, [390 66161[, 397 66161661, 401, 404 66616, [406 (1611116166
441 61111116, 469 voc vaS 408 amoris 521 66166, 552 lubidost,
593, 735 66656616, 606 61666161, 66116666, 620 Α1116111,636
661116 628 6661661, 641 66111166, 656 611666, 666 566166, 673
66166, 687 165616, 1161616, 694 66616, 695 666166, 1656166,
699 661666, 712, 736 05611666, 722 66166111, 731 Athenis,
743 Charine, 746 6616166, 790, 791 66661666, 809 6166166,
817 6666616, 829 11666666, 844 6116166, 870 6666616, 878, 879 ’
amicis, 8796616166, 8806161666, 9281166166, 9591161666,
6661666111611111611,6611116161,11111 retnnsumst,
’1063 1111166 107116611166, 1076 66116166, [1081 11166111] 1097
16666, 1181, 1185 66656616, 1196 6616116, 1219 6611116, 1244
Ulixem, 1251 116166661,1 1260 bilingui, 1265 6116166, 66161166
(6. 11), 1269 11166116, 1273 166616, [1277 661666[, 1287 661666,
1299 6616116, 1306 66166616, 1314 (16161116.

RudenS

’ 2 611116, 6 616166, 33, 4106116666, 35, 738, 739, 741, 740,
1105, 1111 61116616, 38 6616166, 93 616161, 107 virile, 122 66111-
1166, 140, 1420 6666166, [142[, 169, 353 periclum [144 am6ri],.
150 666611, 160 Ρ6166666, [174 timore] 190 16561161, 1611616111, 197
61116, 235, 237, 351, 365, 512, 555, 677, 826, 827, 878,1129,1267,
1264, 1283Ρ61666116 2471656166, 26466661662586611666, 260
61616166, 261 66116666, 566116666666, 278 66161661, 288 616166
288-,1308, 1391 benigne, 2885666166, 292 5656611116, 297
66111666, 2986611666, 61116166, 315 6661166116, 317 6116666,
61616166, 335 6616161, 350 Ρ616661166, 35166166, 3821616166,
405 daturos, 408 61611616, 418 166666, 436, 1393 6611616, 455
6616661166, 461 165616, 5261166616, 549 16666166, 559, 627,
638, 641, 951, 1058, 1228 1166611, 616 6166166111, 6206611616,
6301616166, 047 161661, 6666616166, 679 6616116, 705 661166116,
710161666, 713 666616, 839 661666, 8526616166, 906 6611666,

 

