19

Τ1555155155.

23, 213, 714 51115511, 25 515551515, 59 115165115, 80, 181,
325, 434, 55155115, 145 15165115, 147, 734 vicissim, 179 5561115,
208, 228 111516515, 223 1151651551, 246, 254 51165115, 269 115-
(1651155151, 326 1151651151, 341 (15565155, 353, 421, 521, 535,
687, 861, 899 1151611155, 3611,1556515 379 51116561, 387 5511615155,
40411116115111, 578 5516515111, 579 55611115, 697 tabernam, 713
5556511511151, 729, 721, 897, 919 1115165155, 725 56511551, 737
magistrae, 8451516515, 8601115165155, 868115511155,91615511511115,
9521516515111.

7111515115.

32 51165155, 52 5151656515, 89 5115516111, 93 5511565115, 95
551156511515, 192 sequestrum.

Leguntur ergo 1058 vocabula, quorum 511515 51115115
positione longa 551, non correpta.

b) altera syllaba natura longa 551.

515111111155.

37 iniqui, 5315161515, 196 5155151, 1695516155, [170‚ 172
15561151, 175 115116511551, 174 iniqua, 175, 4881511615, 237 1516555,
263 1161551, 265 11551551, 304 5511615111, 306 5511611, 330155515,
349 pudice, 350, 502, 580, 825 551611, 374 15161551, 412 5516-
1551, 422 (1556111115, 444 5151615, 450 (1551111155, 484 5115611, 486
11556115, 501 555655551 (11. 21), 541 5111615, 553 1516155151, 554
1551115, 5641156555, 57819 15511155, 631 515111111, 659 5511555,
665 (15161551, 712 pudicae, pudicos 819 115116115, 831, 1127
55111651, 838, 932, 1086 pudicam, 840 1151161551, 841 51561515,
867 11556115, 943, 1040 amici, 971 1151515, 999 55165551, 1012
1151555115, 1069 511115, 1092 11516155, 1100 1151615, 1108 11111511,
1112 1556551111, 1133 151615, 1143 5511551551 (p. 12).

2*

 

