64

778 negabas, 787, 888 adso, 788 eastra, 788 cavare, 787
87881717, 793 18178517, 797 8871878, 843, 86187188787, 868 7818878,
1010 7787178, perirest, 1017 817178, 1051 7881788, 1052 18785887,
1074 7171878, 1001 871178, 1095 788871, 1098, 1108 181888, 1105
7878178, 1116 8871817887, 1118, 1119, 1122 878718, 1120 8788788,
1121 7888178, 1123 vocabant, 1135, 1145 78881787, 1146 8787878,
1159118817887, 1163 valete. “

Mercator.

[5 vocatur], 9, 42, 309, 356(1718> 385, 533, 577, 650,
7 84, 994 8777878, 43 abibat, 48 timerent, 60 puderet, luberet,
63 (18711888, 64 181888, 73 78888887, 76 parasse, 78 1777178787,
79 (188878, 71888787, 81 77188878, 93 871178, 139 787878, [151 11-
887871, 182 7171878, 189 71718787, 191 8787888, 209, 349, 365,
39171718787, 220 717181717, 230 8888787, 235 precatur, 240 7171871,
246, 342, 549 17817878, 264 887871, 270 7171878, 296 881878, 307,
335, 372, 424, 429, 757 opinor, 311 secari, 319 88787887, 341
paravi, 356 87878, 360 habebam, 361 17817871, 406 sequatur,
439, 527, 960 17817858, 442 1781781718, 448 quiesce, 457 8788787,
460 habebit, 498 8788878, 499 7878717, 500, 538 8878178, 515

787878, 530 78718781, 596 redisse, 656 817178, 659 88167878, 663 ’
1817878, 069 787881, 677 817178, 694 78888887, 698 venire, 704
viderem, 707 loquitur, [745 71718787, 762 87881717, 773 81717888,
776 817178, 781 18178178, 787 787878, 802 11881717, 851 71718718,
862 7781888878, 965 1878718, 866, 1025 781878, 915 78888178, 920
moratur, 984 (18881787, 1008 888788, 1019 8787888, 1020 egebit

Miles gloriosus

7, 133 7881787, 2317817878, 38 787878, 70, 171, 249, 1135,
1217, 1258 7171878, 72, 362, 417, 419, 517, 631, 1130, 1152,
1294 71718787, 100, 1118881787, 127, 946, 1391887878, 138
7787871, 178 77871888, 196 78171788, 206 18178787, 214 quiescet,
215, 409, 417, 827 opinor, 265 788878, 349 7888787, 354 788-
8878, 357 recedam, 360 1781781718, 363 perire, 368 88781718, 382
1067 8788178, 398 77871888, 404 peribis, 436 7778878, 444, 970,

 

