25

· 535 00110010, 538 1110115005, 587 00155005, 592, 679 00155001,
612, [621] 0011510111, 668 1551001, 824 001550, 834, 836 0005500,
839 001101, 84100015005, 845 00501001), 852 agino, 0015501,
854 Cupido, 861 1011510111, 8651115100, 873 0101050, 877 0015000,
88811101 0111105111, 891 (011550, 926 machaerast, 945 Α5115010,
947 0055100, 949 benigne, 965 0100550, 966 01010510, 974 Charini,
995 00115110, 1918 maritum.

Miles gloriosus,

5,,459 463 01000501001, 39, 539, 906 100550, 53, 469,
1423 0100115010, 74, 76, 94910515000, 75 80105000, 86 415100,
871051110, 99,100,114,1,22 127, 132, 239, 384, 439, 489
Α5115010,104,126,938,11,146186,1193Α5115000, 105,114,
122, 274, 507 01010010, 114, 122, 274, 337, 470, 508, 549 01110111,
147 1005510, 150 (10510111, 173, 277, 317, 421, 425 00055105,
184, 656, 9961), 1252, 1284, [1288[, 1309 01051010, 197 (101500, ,
2011001510, 211 005500, 2240155500, 238, 11021105001510111,
258, 1146, 1313001510, 263 0111100, 263, 481 01111, 267 00155005,
268 0551000, 295 0015501005, 317, 441, 956, 1346 000551, 372
10551001, 39101010001, 409 fidelem, 412, 1256 05510, 412 0015000,
416, 458 erilis, 454, 455 1551001, 484 cubantem, 509 pudicam,
514 0050500, 576, 739 benigne, 592 00055001, 594 0005500,
619 (100510, 6205005110, 62514310105501, 626, 640, 957,
1164, 1286, 1308 0105110, 635 001101010, 641 00150010, 642 10-
05500, 647 00105501, [660[, 674 010100, [660 0011000[, [668 01005-
dun, [104 ameni 141 amni, 110000, 1001000110, 845
sagina, 854 bilibris (0170015011, p. 110), 906 00155005, 911
105510, 915 0051500, 916 00110010 ,’ 918 0011110, 0505550105, 921
001550, 948, 949 8111050001, 951 8010501, 1055 benignum, 1075
1100510111, 1118 00050000, 1119 0101000, 1141,1161100550, 1151
001101001, 1163, 1253, 1259 001510, 118615510, 1220100550,
1100100000, 1246 duetus, invehant, 1299100501,

¹) Langen: Plaut. Stud. p. 165: minima mutatione v. ‚,s0dalee“
10,,00501111 meliorem sententiam reddidit.

3 .

 

