..1⁵33 ,
001050, 680 fatigem, 684 1000101, 721 rogabit, 723 001010, 724
requiro. ’

00100110.

8 peribat, 15a videtur, 28, 176, 177 amare, 33 000110,
56 cubare, 68 petitum, 70 0010100, 110,,137, 197 amabe, 113
adibo, 147 001016, 164100110οῐ11, 168 videbis, 185 mereri, 187
001110, 212 101050, 214 relinquor, 221505010, 244 venire, 261
sedere, 262 adire, 281 05110, 300 505011, 326 amabit, 338 00-
1010, 359 0100100, 387 reliqui, 390 0010101, 405101510, 448
subegit, 464 100011, 488 5050101, 489 monere, 511 putatia, 526
. iubetur, 544 100011, 551 101011, 578 amassint, 699 505010, 720
1000510, 724 perire.

Epidicus).

7, 395 venire, 10, 42, 62 videre, 48, 90 amabat, 63 05110,
66 amavit, 67 venire, 69 manere, 77 (bis) 001110, 99 0010500,
116 haberem, 182100010, 505010, 216 habebant, 259 00100, 263,
264 01000511, 283 01010101, 292 001010, 306 001001, 330, 366,

383 505010, 341 dedistis, 3720001010, 356 redisses, 363 000010-
. 01110. 19), 364 (100050, 371 parabo, 437 10150, 492 requiram,
556 levare, 587 1001500, 5941001110, 6801050100, 693 0010101,
733 101010. -

Menaechmi.

28 reliquit, [73 0011011, 121 0010510, 123 05001, 156
morare, 160, 256, 415, 661, 1695 opiner, 161 sequatur, 174
105050, 195 0100500, 214 00000101, 248 redimus, 257 5050510,
265 001050, 279 505050, 277 adibo, 278 amabunt, 291 piari,
317 iocari, 326 madebunt, 369 00150, 375 001010, 382, 425,
549, 678, 851 amabe, 396,ι 429, 452 505010, 398, 489, 497,
656, 908, 1141 dedisse, 405 amabe, 430 abibis, 439 dolebit,
465, 486 adibo, 466 (01100000, 475 (10(110110, 508, 537, 1038
dedisti, 517 piari, 5240011110, 547 5050510, 553, 599, 837,
879, 1028, 1058 05110, 5641010501, 576, 577 5050101, 594
100011, 600 placabit, 011 0011100000, 628 00100000, 633, 634,

 

