17

387, 39215165155, 366 5561155, 367, 390 55165115 (colostra),
366, 383, 385, 388 labellum, 385 55611515,.387 55516515, 415,
558, 594, 670, 771, 781, 1363115565155, 482 55165115, 548
5156515111, 555 5151651551, 1567 5565115151, 597, 96111007, 1988,
1281, 1349 51516515, 599 556511515629 1511565111, 676 5516155515,
7281556511, 7326556565, 741 15565111, 778 55565115, 798555-
16515, 881 15565151, 1934 51511151, 1662 551651515, 1980 5516155,
1094 5561155, 1096 556155, 1113 11556515, 1146 5556115151189
55651115, 121415165155, 1215 11556511511556511551, 1222 15566515,
1243 5565651551, 1271 1156115, 1292 15155155. ’

. Pseudolus

31556515, 6 rogandi, 10, 20, 31, 4015561155, 25 81561155,
28, 36, 49 15561115, 39 1556515, 66 amantum, 6151515115, 94,
201, 310, 342, 677, 894, 904, 1252, 1331 51516515, 103, 323,
431, 112591 51565155, 118, 249, 889 515165155, 169 1555611515
1555611511, 1218 55651551, 247 1551651515, 249 5556155, 302
(15565155, 314 5511615551 (5175516511, 5. 1371, 32015516511,
354, 300 55516515, 355 5551651115, 381 511561151 (5115111151), 412
55561515, 461 5556155111, 474 5556555551, 15231) 115651511, 558,
1262 vicissim, 577 perinde, 658 1556155111, 673 5156511, 703
15155115, 706 11561155 1115515155), 712, 715 155165155, 715 155-
165155151, 737 0515515, 762 51515115, 893 5551651115, 915 5155651155,
933 magister, 1021 55565115, 1051 11165555, 11083 5551651551,
11161556155, 1130 555165155, 1247 1556111515, 1252 1556615551,

11259 15561151, 1270 51555115, 1275 amictus (51515151, 1300
55551551.

356555

122 555165111, 127 555165111511, 45, 5955611515, 50, 325,
456, 655, 697, 801, 1058, 1059, 1093, 1184, 1291 555165155,
116, 120, 387, 832 1551651551, 149, 157 5556511515, 163 5511611155,
’ 186 55615515, 191551651515, 196, 1110, 1147 55165115, 196,
506, 1015 55516515, 216, 390, 393, 11-14 55165155, 259 515-
5651515, 263 5561155, 274 egentes, 285b, 329, 350, 404, 433,

2

 

