29

9106611116, 916 6611611, quieti, 997 661666, 66161661, 1020165666,
1062 pudicae, 1085, 1255, 1419 (16166116, 1096 iniquom, 1097

inique, 1143 6611111161, 1213, 1336 datarum, 1259 inique, 1206, ’

1280165666, 131861661166, 1326161666,1331661666111161,
1337 potitum 1389 benignus, 1404 6661116616 (p. 1030f 6.σῦριγξ;

7661561111. 366, 65666- 6 (16666661. 6. p. 507, Beitrage1)p. 2371,
1413 66161661.

81165116.

49 5666666,,111, 536 666666, 128, 521, 522 661161, 135
16166666, 143, 520, 679 6161616, 1621656616, 165 (1616666, 219
66666661661, 231, 5261666616, 249, 394, 743 simitu, 264 11116116,
269 periclum, 271 166616, 291 quadrigas, 338 5666116, 362 16-
116166, 386 6661161616, 393 6616116, 417 66151661, 426, 431, 437,
730, 736, 766 61616616 428 vocatus 434, 572, 651, 735 616166
445, 520 parata, 448 Athenis, 468 66161616, 469 616166, 472
16661661, 503, 518, 522 61111666, 508, 509 61111,6616 5371116161,
540 (166566, 5426116611, 55716661161116, 565 benigne 573, 696
661166, 580 6611616, 649 Athenae, 650 erilis, 653 6611116111, 671
5156666, 682 6161666, 690161016116111666 p. 1 1), 697 strategum,
705 stratege, 720 gravatus, 737, 742 6166666, 737 6166666, 760
suavem, 763 gravate, 766 616166, 772 61666566.

Trinummua

1166616661 19Ρ5116166, 23, 25, 89,1216 ,12631 337, 620,
956,1051,1,10531 1056, 1126, 128 616 61161 39 666666, 48
616166, 54, 75, 92, 651 6161616, 8466666616, 88, 580, 847, 908,
1001 negati, 91,17021, 909 61111666, 106, 895, 1110 61616116,
112 11116661, 144 6666666, 180, 326, 347, 630, 758, 759, 899,
924, 926, 1095, 1177 amice, 120916111661, 223 6116116, 224
(16166661, 230, 265, 648 61666661, 236, 751 6166616, 245 6116115162),

¹) 0506166661 „Beitriige 611111611665668616651660611. 11161876.
111111616οά6 versus metiendus 611 incertum 661. 11116651 16 indice

adnotavit: 65665161 Brix in adnot. ad 5. v. primam 6666 productam censet.
Postea 66116 61166516 16 usu erat 61. Η61. 661. VII. v. 31: compellans
11666 6561151111.

 

