12

100100, 348, 556 seelestam) (p. 22), 357 0000111011, 389, 638
0010111001, 46901010010111, 551 00001111οι11, 578079 (1100110 (0. 24),
633 agslnda, 634 11101001011101, 637, 994 00100100 (p. 14), 638
00100100, 0111011111, 639 10001110, 650 00100100, 841 0010010111,
848 10110010, 892 0010010111, 9421000010111, 1012 111000110 (p. 10),
1025 110111. VIII. 00010010, 1032 0000010 (p. 12 010), 1041 111-
01100, 1053 00001100 (0. 22), 10741) 0001111001, 1094 000110 ·
(p. 4, 24), 1099 0001001001.

Asinaria.

21 ,000010100 100001-0100), 26, 111, 244, 566, 601, 809
01010010 [320001001011100 36 0010010, 46 0010010111, 57, 75,
177, 309, 672, 814, 848, 916 01001111, 64 00100100, 82 0000010111,
129111οε 1110101111, 149, 856 00010010, 169, 687 0111011110, 175
01001110, 1931010010, 209 columbae (p. 18 sq.), 224 0001110111
(p. 10), 2691110100110111 (1110111οο - θρίαμβος, 01. 1701110011,
0. 1133), 276 (100011100101100100 - ἑκατόν), 293, 424, 476
00010010, 425 0010111010 1025), 469 1110100100, 470 000011111111,
476 00010010, 496 0001111110, 5001010010111, 515 1000011111, 516
1000000011, 1000000111, 562 1011011101, 565 00100110, 595 0001110111,
00100000101, 632, 684, 857 0111001001, 664 000110, 00100100
(volupe, 0010001100), 665 00100110, 667 01101100 (0110100), 668
10110110, 10501110, 671 0000100, 682, 723 0101001111 (0. 20), 691
0001100, 693 0010015010, 0010110111, 694 00111100 (putus-ulus), 702
00001111, 785 10001110 (0. 25), 79710110110111, 830 111010010111011
853 0010010, 937 00110011011101.

Aulularia„

1, 125 1000110111 (00110 - 0011100110, 001100 - 0001100),
52 00010010, 86 Ρ11111000111 (Φίλιππος —- ἵππος), 98, 125 010-

1) G. Sehmitz: Quaestiones 01111οοοί000 Latinae. Com. philol.
Bonnae 1853. 000100 iterum editae: „Beitriige zur lat. Sprach- und
Litteraturkunde“. Lpz. 1877 p. 54 sq.

²) verborum uncis inclusorum versus in editione Goetzi-Schoellii-
Loewei uncis circumdatos inveni.

8) A. Vanitiek: „Etymologisehes Wbrterbuch der lat. Spraohe.“
Zweite, umgearbeitete Auflage. Leipzig 1881.

 

