18

644 00000000, 304, 323, 359, 750, 994, 1172, 1317 00010010,
317 00001000 (01. 17001501( p. 312, Buenger p. 23), 320 00000100, .
377 capillum, 387 00000100, 408, 464 10000010, 409 0000100,

” 422 0001110, 424 papillae, 441 00100100, 483 100000001, 502

00010010, 508 1710000100 (Θυέστης), 526 0000000 (11001001 p. 315:
cor-u-scu-s)‚ 550 01001100 (0100300100), 507 00100100, 577 0010-
100, 601 10001100, 671 000100100, 6811), 1204 100010, 686
0000000, 719 0000011001, 778, 1318, 1330, 1332, 1344, 1375,
1376, 1380140810100100, 784 capillo, 847 (00100100, 859,
1167 000100100, 887 00100600, 893 01000100, 895 00010010,
909 0000100 923 lubenter 938, 1031 00000100, 979 00001100,
1004 0000001000, 1018 000000100, 1031 00100100, 1084 00000110,
1094 00010011, 1148 0001100, 1153 000110, 1160 pathmum, 1254
00100100,1323 100000100, 1392 0000011,1397,1402 1010010.

Stichus.

54 00000100, 69, 117, 280 00100100, 60 Kalendis, 87 aper-
1001, 88 0010000, 96 00000100, 105 magistraS, 115 vicissim,
124 00000000, 276 0000100, 277 00010010, 281 10000010, 282
000011, 2881) 10500100, 300 00000000, 331 0000100, 340, 341
00001100 (000100-0000010, 01. 11001501, p. 207), 369 0000000,
453 00000000, 474 1000010, 523, 584 00100100, 571 000100100,
587 medimnum, 592 10000100, 620 00101100, 692 0000010, 713
1011000000.

Το1000000.

13 00100000, 20 Το1000000, 43 0000010, 57 0000000100,
110 0001100, 131 amanti, 173 vicissim, 199, 511, 547, 1072
00010010, (226 00010100), 229 0000000, (232 0000000), 245
000110, 286 100100, 307 00000110, 347 000110, 381 00000100, 492
01101100, 527 0001001000, 628000100100, 677 amintes, 725 sagittas
(p. 8), 727 10100100, 731 10000010, 790 0010001, 822 00100100,

(831 0000011), 836 0000011000, 843 Το100000, 847 0000100, 932,
946 0010010001, 964 10000000, 998 10000001, 1015 0000011,
1038 parientes, 1055 10100100, 1056 1010010, 1149 1000100,
1159 [01000000.

 

