27

804111111111, 807 facetum, 8381116111, 839 patuino, 849
patriae.

Poenulue

[9], 909 paratumst, 33 can6ra, 41 popinam, 54, 1029 '
latine, 102 1111111111, 130 egenas, 140, 399, 880 11111111, 142,
1200 11111114411111111, 145 lubido, 196 Cupide, 1981116111,
210, 212, 225, 239, 590, 1089111111, 23211111111, 234111111,

2421111111, 2661111111 285111111,[3035111111], 304,[305[
11111111,3121111111,3691111111,383,407,622111(11111,
. 389 1116111, 393 amica, 418 11111111419 1116111, 432 aquai,
446, 521 111111, 457 avarae, 501 proiestm, 5041111111, 508
512, 794 1111111, 509 amori, 511 ituri, 543 11161111, 549 pa-
ratae, [573 1111111], 579 aprugnum, 581 tragoedi, 584111111111
(11. 71111111 p. 180, 01111111 p. 197 ¹), 589, 752 benigne,
611 1111111, 62411111111, 637 facete, 638 11111111, 6661111111,
7661111111, 835 popina, 852 11111111,111111, 854 futurumst,
868 amicae, 8721116111, 8781111111, 1014111111, 1051111111-
tus, 1072, 1257 11116111, 1090111111, 10951111111, 1112 statura,
1123 supreme, 11111111, 1139111111, 1143111111, 11651111111,
[1170 1111111111 1199 15111111, 1206,120911111111111 (11. 71111111,
p. 96), 12131111111, 1221 pudice, 12441111111, necessest,
1250, 1306118111, 1271 cupitum, 1288 amica, 1299111111,
1310 amator, 1318 cinaedum, 1319 cinaedus, 1322 lubidost,
1339, 13401111111, 1385 rapacem, 1406111111, 1414 amicam.

Pseudolum

6, 395, 413, 673 erili, 5 11511111, 17 suprimum, 35, 231,
341, 344, 347, 413, 435, 487, 719 amicam, 430111), 45, 46,
708, 709 salutem, 47 salute, 63 amarumque, 6411111111, 96
oucule, 97 paratus, 106, 107, 114, 568 futurum, 127 amicis,
12911ςό1111, 157 ahenum, 158 securi, 159111111111 (11111111-
111111111551163111111, 170 cruminam, 174 amicae,

ι)17.(11111111;Κ111111111Β1111111ς1111111111111111111111111111111.
Leipzig 1863. 11. G. Schmitzl. c p. 55

3*

 

