16

596 00100001, [603 1010100110, 623 0000010, 625, 636 0000100,
672 0010010001, 691 Calendis (p. 18), 732 00010011, 734 00010010,
789 011100100, 886 10001100, 893 00100100 , 945 0011000001,

1010 00100100 (p. 22), 1175 01010010, 1210 0001110001, 00100-
(111001, 1272 1000011110, 1289 Achillis, 1326 1111100101, 1335 10-
001110, 1348 0000011110, 1371 11000010, 1393 1110111100, 1428
0101001001.

Mostellaria.

74, 661, 771, 877, 886, 891, 955 001001110, 95, 416, 818,
836, 841, 956, 1924, 1082, 1089, 1175 01010010, 120 00100100,
157 10500101, 161 00011010, 167 000110, 170, 183 00010010, 171
00001110, 182 00000100, 100 0000100, [219 000100100[, 226
0011101100, 2321010011, 254 capillus, 255 0001111110, 257 000100100,
297 00100100, 325 01110000, 0001100, 330 10000110, 359 1010011101,
412, 681 0100000001, 487 10001000, 405100010, 503, 563
000100100, [590 00100100[, 647, 973 10100110, 701 0010000001,
736 01010010, 746 01100110, 834, 1153 01010010, 856 00100100,
913 1010010, 966 0000011010, 976 010100100, 1142 0000000001,
1153 00100001.

Ρο100.

15, 213 01010010, 79 00011000, 123 0000100, 150, 381,
618, 620 00100100, [105[, 247, 460, 4070, 511, 518, 520, 544
10001100, 208 000100100, 220 0001001110, 234 00100100, 236 01-
010010, 256 0000112116, 777 000011, 266 111001000 [101-0010110
01. 70010011 0. 337, Buenger p. 23), 275, 287 00100100, 299
000100100, 337 10100101, 344 00100100, 346 00110010, 410, 668
110000110, 592 000110, 590 001001110, 732 0000011011, 75100010010,
776 0000100, 840100011001, 841 10000100.

Ρο000100

1001111100, 50 0010010001, 110, 1208 00100100, 144,
505, 512, 589, 820 000011, 166, 167, 71411000011, 200 000-
100100, 207 1001111101, 231 fricando, 223, 231 10000110, 249
0010011101, 331 000110110,000110110, 335, 1316 1110100100, 365, 380,

 

