24

532, 562 potita, 548, 571 salutem, 551 inique, 605 55115115,
625 futurum, 654 55565555, 659 555655, 691 5515155, 602 solitum,
700 maligne.

Menaechmi. ·

1 55151555455515515, [7 556155] [8 11156515] 36 615555,
[43], 1668, 1696, 1107, 1123, 1126 Menaechme, 44 vocatus,
70, 84 catenis, 83 155165, 96, 169, 275, 408, 1077, 1095 Μ5-
naechrnum, 102 struices, 115 negoti, 118 necesse, 128 mariti,
131155615, 139 551615, 157, 182, 254, 278, 287, 310, 313, 382,
504, 524, 540, 554, 676, 809, 825, 910, 914, 1084, 1157
Menaechme, 163, 168 56655, 173, 300, 450, 561, ceramicum,
215 parata, 222, 449, 463, 650, 651, 1078 Μ5556555555, 233
futurumst, 297 Menaechmi, 354 566555, 364 paratumst, 370,
384, 432, 458, 522, 606, 600, 762, 997, 1063 5155611455 55-
56155, 463, 563, 629, 632 555655, 485 minere, 514 51555655,
540 1556515, 555, 565, 941 carrinam, 579 55156555, 581 raphaea,
584 querelis, paratam, 585 55156515, 598 amica, 652 amicae,
660 virile, 663 futurumst, 700 amicos, 736 amicae, 745 simitu,
767 1556555, 825 1556155, 858 securim, 863 1556515, 864 lerinam,
8941515555, 002 Ulixes, 939 quadrigis, 955 paratis, 966 erilem,
1015 5556555, 1031, 1032 5515655, 1063 image, 1141 supreme.

Mereatur.

2 5556555,[6151155], [13], 58 5556515, [18], [38], 51, 84,
< 654 55565555, [24], 62 555651, [33], [35], 976 amator, 40, 61 -
ephebis, 57 1556555, 75 metretae, 83 iturum, 88 parata, 117,
847 simitu, 120, 128, 134, 136, 739, 789, 825, 067 neg6ti,
121 pericle, 127 Charinum, 130, 866, 870 Charinus, 143 551511,
1445515155, 146 15565551, 181, 215, 341, 479, 480, 688, 826,
863, 925, 073 amicam, 263 eedem, 288, 467, 499 amice, 325,
443, 445, 447, 548 amere, 3595155651, 383, 545, 753, 794,
944, 974 amica, 392 55561551, 425 55156515, 474, 601, 867,
883, 012, 928 Charine, 475, 951 5511555, 475, 5945566115,
476 malarum, 499 amice, 527 5556515, 529 redempta (p. 19],

 

