20

Asinaria.

10 Onagost, 14 benigue (p. 12), [24] 218 000600001, 38 1006-
100, 66, 445 010100, [77 0106111, 811101161οῐ0, 83,104,183, 573
758 amicae, 99, 123 paratum, 178, 185, 921, 923, 924, 925
0106101, 191, 19411006110, 196 011600, 246, 757 amicum, 258
· 00160010, 279 (1006111110, 292 1101160010, 298 001600, 308, 407

negati, 344 811016010, 351 10061010, 35711611101, 3631111610, 368
futurum, 387 0011000, 388, 530, 017 1101101010, 390 010101001,
401 0101610, 409 (100610, 413 1110101001, 415 precator, 4231011611,
443 loca-tum, 454 00161001, 10161010, 466 (10161010, 491 111116010,
509, 701 (1006101001, 517 amatrix, 550 0016000, 555 potiti, 568
111611, 5730111106, 11116110, 57610161001, 581100610, 590 01001100,
594 0010610001, 599 80160010, 621 11116100, 1101161100, 627 01006110,
634, 662 (1016100, 648 0016110, 100611, 652 1101161100, 653 01010100,
655 011110, 656, 691, 822 0016110, 657, 661 cruminam, 659, 872
1011610, 660 100010, 672, 718 00161010, 689 (1006100101, 690, 757
1101160010, 689 11011600, 706 10161110, 717 801610, 737 0106100,
747, 812, 825, 852, 863, 879 01010010, 748 110610, 796 1101660,
803 0016000, 831 (10161010, 871 000110, 879 001600, 883, 918
010610, 895 000600010, 903 11011011, 911 00161101, 923, 934 0006100.

Aulularia.

14105610, 171101161010, 22 moratum, 25 001600011006110,
74 011110, 75 propinqua (p. 19 sq.)‚ 95 00061110, 111 1100160001,
121 1001111001100, 122 00161010, 124 1011111000, 164 paratum,
165 101161οῐ0, 197, 6485001800, 220 (10061010, 235 1101101010, 239
1001110, 269 daturum, 275 01111, 285 pudicum, 2961110, 369, 427
negati, 334, 354 81105110, 351 8110111100, 381 1001601111). 21),
385 0016000, 422 01006100, 4321111610,450 110110110, 463 11006110,
475 amicis, 482, 484 1010610, 512 1110116100, 525 00161001, 541
01161010, 549 senatu, 588 01110, 593 00161001, 594 001610111, 600
quadriga, 618 filialis, 697, 804 Strobilum, 703 1100160010 1), 745,
750 0016110, 749 111011611011115), 784 11016110, 803 0016110, 810
61116010, lrgm. IV (1016100.

¹) cf. Langen: Beitrage p. 155.

 

