ΔΕ..

280, 303 565616, 289 1161161111, 303 1115616, 6111616, 309 11616111,
310 611116, 311 venite, 314 666611, 369, 370 cavere, 376, 377
lubere, 37656616, 383 videto, 392 565656, 432 negabas, 468
videbis, 502, 7901616116, 5041611116, 536841111161111, 567
5656516, 603 611116, 626 pavebam, 634 11616161, 649 6111656111,
673 dedisti, 696 requiram, 708 5656111116, 728 11116516, 778
fuerunt, 823 5156116, 828 651116, 857 valete.

Poenulus

3 611616166616, 15 reside, 52 1166511, 5316661111, 55, 276
5656116, 60111616, 101, 176, 327, 328, 661, 1210 6111616, 116
(bis) 5651575] 16116116, 123, 1128180813681161616, 150161111,
162, 1085 5656511, 163 166616, 181 rogim, 183, 563 negibit,
193 agimus 206, 681, 1115, 1160 videre, 2101161616, 220
161611, 1116611, 221 poliri, 235, 838 5656111116, 248, 260, 1380
opinor, 250, 263, 313, 336, 350, 370, 380, 399, 401, 1230,
1257, 1265 6111656, 252 11616666, 355 11611611, 359, 911 11161616,
362 1161611, 373, 1148 65116, 439, 1219 6111651111, 441 1111161111,
455 111616, 458, 1081, 1415 565616, 4691166611, 476 111616, 486
1166656111, 502, 717 66111116, 515,126311116111111, 517 solemus,
542, 890 565616, 5521166616, 557, 596 6616111116, 604 65116,
6111666116, 65211116111116, 653, 686, 998, 1143 66111161, 683,
8061161116116, 701 16111656, 729 1661111161, 752 salitas, 779 peristi,
841 611116, 848 nequivit, 869 61116511, 871 161616, 980 6111116,
11982 6111561, 1000 61111116, 1079 moneri, 113416111111, 1157 565616,
1194116616, 1211651116, 1231 volebam, 1238161616, 1260
61111116, 1266 1611616, 1276 1611116111, 12831611111111, 1290 replebo,
1304 611116, 1348 1611116, 135516611666.

Pseudolus

1911111156, 22 geretur, 23, 375. 656, 729, 9096, 956
opinor, 33166656, 55, 651 1611111111, 1.οΙ 11165616, 194, 473,
964 videtur, 209166616, 245111616111111, 257, 12031217 (16111611,
258 5656516, 273 egetur, 6111611111, 282, 990 dedisse, 28311616511,
286 61116066, 307, 483 6111616, 315 regimus, 455 661616, 488

 

