59

tar, 490 6116666, 581 1661116661, 639 patrissat, 798 remittat, 905
vidintur, 101511616666.

Persa.

8, 19, 123, 273, 562 61161161, 194 (16666161, 319 vagin-
tur, 331661161611, 394 dabantur, 431 omitte, 596 61166666, 612,
613 6116666, 642 omitte, 663 6116666, 853 1616116.

Ρ6666166

2, 76 adaptat, 179 1611611611, 123, 743 6116616, 22916666-
161, 253, 341, 512, 520, 595, 628, 1030, 1973, 1689 61161161,
254 6116666, 29616666616, 375 111611661661, 615 16661161, 714
66666161, 747 loquantur, 7846611116, 1074 6166161611, 12321116-
1166611267, 112681, 1397 (bis) 6161116, 1374 sequantur.

Pseudolus

46 remittam, 14261166161, 163,1159,127616161161, 167
· 16661111, 226 pacisci, 255 6611116, 320 16161161, 438, 613, 1165
61161161, 456 66116161, 442 patrissat, 560, 1113, 1284 6116666, 623
16161161, 1078 (1611116161, 1164 616166616.

Rudens
17 apisci, 172179661166611, 204 6611666616, 255, 1330

abasse, 2562616668, 616, 111 (bis) 16, 661, 1636, 1161, ²

11091133, 1146, 1165, 1233, 1385 61161161, 390116166661, 623
adistis, 628, 1015 omitte, 877 16166166, 458, 926, 1109, 1130,
1188166666, 9421393 1616116, 1036 remitte, 1061 1666666,
1062 16666666, 1206, 1224 ad6rna.

81161166.

63, 292, 302 16661161, 69, 106, 112, 724 61161161, 7616-
cassam, 145 potastis, 220 adasa, 231 1666111166, 279 6111161161,
389 1666116111.

Τ1166166166.
’ 22 6116616, 299 661166666, 427 6116116661, 510 66116161, 531

61161161, 693 1166116161, 728 1611666616, 1074 amitti.

 

