81

biennium, 613 modestia, 913 0101111000, 1001 0010101001, 1067
miserrimum.
Captivi.
[51 1001000111, 64 valentiorem, 08 Μο1000101 (01. Μολοσσοί),
119 1011601100, 143, 026 001601010, 162 Ρ1006011010, 347 0016-
010100, 302 honestiorem, 403 01061100001, 527, 538, 618, 745

Aristophontes 640 (1001100100, 780 adepturum, 816 molestiam,
822 0106111000, 909 Diespiter, 934 0016010100.

· 000100.

400100000010, 41 puellulam, 304 Olympionem (p. 18), 308,
318, 401, 417 Oly'mpio, 552 0011110100, 500 0106110000, 667

00016011000000, 667, 702 Olympioni, 739 Olympicisce, 750 Olym-
piae, 829 0100010852 valentulast, 076 adulterio.

Cistellaria.

40 superbiai, 80 01001000, 121 0011000100 (ci. 00110100),
537 0106110000, 635, 664, 735, 768 0100510110, 656, 700 cre-
0001110, 660 000160110100.

00100110.

190 voluptati, 307 00061011110000, 501 molestiae, 586 facillume,
698 voluntate.

Epidicus.
15 apiscendi, 58, 134 0010101110, 80, 380 1011601100, 173
acerbior, 254 00101010, 349 perenticidam, 568, 635 Telestidem,

1068110110000100, 126, 245, 508, 663 Stratippoclem, 2518110-
tippocle, 700 Stratippocli.

Menaechmi.

447 scelestius, [640 1015010101, 757 senectute, 817 miserru-
000, 82700160110001, 871605111010, 8861100111οἰ, 0801011601100.

Mercator.

8biennium, 126 10001100, 03 0016010100, 112, 132, 140
1100011110, 182111011111100, 284 010611001001, 3590010010100, 378

 

