58

———.

Casina

79 66666666, 144 6616666, 262, 392, 410, 439, 571 6566166,
267 frignttis, 419 666666, 437 remittam, 574 666556, 737 (bis),
824 66666666, 737 omitte.

Cistellaria

30 potesse, 96, 244, 375, 632, 717 6566666, 237 666556,
508 66616665, 519 remittam, 527 66616615, 594 6666666 (p. 10),
707 66666666, 744 666566.

06666116.

26 6566666, 81 666556, 92 5661666615, 165 666556, 490 666-
6666666, 526 66666666, 614 6656566.

’ Epidicus,
9, 664 666556, 139, 261, 270, 337 6566666, 142 66561666,

346 superfit, 352 resdlvi, 361, 399 6666666, 615 6666665, 658
memento, 668 apisci (5, 22, Vanidek 515), 694 merantur.

Menaechmi.

69 6665666, 167, 459, 698, 769, 970, 983 6566666, 221
supersit, 361 61666666, 454 61666166, 458 vocantur, 556 sequan-
tur, [586166666666[, 690 66565615, 697 6666661, 930 6656161, 955
56666666, 987 666556, 1047 videntur, [1099 potestis}

Mercator.

39 reverti, 193 agimtur, 213 prehendat, 282 6666666666, [624
666666[, 884 prehende, 942 omittis, 950 6566666.

Miles gloriosuS.
12, 219, 1102, 1104 666556, 14 56666666, 47, 352, 477,
564, 980 6566666, 356 superfit, 445, 456 omitte, 446, 455 66616-
tis, [670 6616666, 884 petisset, 1310 merantur, 1337 omittam.

Mostellaria.

73 molestet, 124 66566666, 211, 232 referre, 219 5661666-
dam, 220, 263, 801, 862, 868, 894, 1148 6566666, 338 66666-

Α

 

