13

10010, 107, 180, 414 magister (mag-ius-terO, magis 01. 70010011,
. p. 204), 117 010100100, 199 00100001, 229 00011110, 253 0000010,
264. 00001100, 301 tigillo, 309 101001110, 316 000011, 343 00-
0011οΧ (01. 1101110011, p. 230: 00001-10011110; Buenger p. 10),
394 Αο0110, 388 0001100, 412 00110100, 445 1000100 (0. 25),
437 00010010, 458 00100100, 51811000011, 537 10500101, 592,
597, 7510001111, 611, 617 00110100, 648 0001001110, 638 cavillam
(0000100000, 01. 1101110011, p. 319), 675 0011010100110-1010-0011-
00100), 704 Philippus, 768 00100100, 809 00110100, 811 1010000110.

Bacchides,

37 00000110, 51 00100500 (p. 19), 11010000 1110010011,
p. 20), 115 00100100, 1100110100, 151 magistron, 163, 425, 446,
448 00010101, 172 Αο0110, 193, 233, 393, 645, [931] 000011,
230, 272, 590, 873, 882, 969, 997, 1026, 1050 (10000100, 302
000110, 307 00001000, 324, 520, 7411945) 01010010, 351 0000-
100, 404, 432 00010100, 439, ι566 00010110, 446 1000100,
480 00011100, 518 0000101000 (p. 23), 542 1001100 (in-ars), 543

⁴ secandum, 628 0011, 100, 100, 010, 010, 011, 1010010010,
715, 728, 753, 769, 787, 811, 935, 960, 98410501100, 784 000-
100100, 794 00100001, 808, 936 10501100, 82300111οη00 (0. 25),
854 000100100, 860 00500100, 868, 1033 11000011, 885 00100100,
893 Μ100100 (0. 25), 895 80101000, 901 Μ1001000, 00011001,
92410501110, 9661001000, 938 Achilli, 1069 00110100, 1079
modesto, 1081 00100100, 11201000110. ¹

Captivi.
26 Μο00101100, 54, 119, 313, 327, 585, 811 01010010,
69, 470 10000100, 182 0101001100, 200 11050010, 21210000001,
228 0000110001, 239 0000011110, 272 0010010, 2741010010, 315
(bis), 935 0010011, 323 110000100, 335 Μο0010111, 356 50000100,
357 0010010001, 375, 626 00100100, 411, 1008 00100100, 473
10500101, 475, 476 000110, 477 10111001 (0. 19), 524 000110,
000110, 5321000100 (in-aptus), 56710001100, 579 000100100,
562 0100100, 641 00010011, 671 000100110, 852 0111111111, 925 00-
100000, 927 100011001, 1008 1000111.

 

