62

866 110010, 134 01000000, 175 100011, 218 11001111, 226000101,
231 habebis, 243, 402, 516, 606 fuisse, 282 01110100, 3171011011,
332 abite, 380 10111100, 391101010, 409 1011110, 411100110, 420
010010, 473 requirunt, 483 0010110111, 493 1010, 497 1001110, 524
10010, 535 0000110, fatebor, 551 1000000, 554101010, 575 fuisti,
600 habere, 616 adibo, 621 tenire, 636 00100010, 683 peribo,
688 0011101, 696, 747 rebitet, 701 dedisse, 712 haberes, 715
opinor, 716, 7641111011, 7341011010, 7811011110, 847101011, 848
abire, 877 01001111, 892 habebis, 91810110011, 930, 067 0001000,
953 101010.

Casina

’8, 48 0100010, 14 0101100110, 31 1000101, 61, 529 010010,
65 redibit, 86 1110001111, 87 101010, 89 110010, 116, 590 habebo,
137, 174, 236, 633, 637, 832, 872, 917 0100110, 1370011111, 149
11011010000001111, 147 001011, 214, 641 amabo, 2451111011111111011,
280 100010100011, 323 000011, 340, 414, 465, 473, 695, 730,
858, 972, 999 001001, 354110010, 3570010110, 3601100101, 365,
366, 431 daretur, 400 liquescas, 410110010, 481 10001111, 484
cubabit, 541 00100, 583, 603 0000111, 606 1001111101, 663 00110,
671 cubaret, 674, 702 volebam, 676 minatur, 696 0000111, 706 ’
100110, 751, 753 11011010, 756 000101, 779 comesse, 832 011110,
834 (bis) 101010, 838 00101110, 840 10110110, 842 (1110) 0001011,
896 fateri, 903 cavebunt, 9081050101, 922 00110, 934 reliqui,
062 0111110, 908 10000110, 1001 amasso, 1002 amasso.

Cistellaria.

1 001011, 6 dedistis, 9, 275, 742 habere, 18 placeret, 19,
20, 104, 113, 564, 643, 708, 7280100110, 36 001010, 44 cubare,
55 0011111, 57 00101000, 68, 79, 95, 96, 118, 274, 313 001010,
82 000110, 85 0111010111, 101 subegit, 110, 704 amabo, 1129 ta-
cerel, 150101110ιί1, 15010010, 182 0001000, 107 101010, 239
01110101, 247 100010, 252 timebas 307, 316, 676, 684 001001,
309 redisse, 310 100010, 367, 727 videtur, 3731) 0010110, 484
dedisses, 488 01001100, 496 00101111, 501001110, 5330010110, 559
1001100, 560 100010, 574 dedisset, 58000101011101, 628 inibe, 633

 

