22

parata, 555 5511111, 562 Lycurgus, 563, 646 sodales 647 551115,
644 amicire, 660, 669, 698, 795 negeti, 740 periclum, 768
5111115155, 7735111155, 774 5515555, 51555555, 808 511515,’820
11511551, 821, 822 1151155515, 828, 999 adaeque, 874 551555, 875
Stalagmum (p. 12), 881, 887 8151515555, 946 15115155, 949 benigne,
9621511515111, 952 minere, 976 supreme, 992 pudice, 1961 labere,
1028 peculi, 1029 pudicos, 1033 poetae. '

Casina.

22 benigne, 29 vocivae, 341511115, 35 maritus, 54 paratus .
57, 772, 788, 833, 10121511111151, 58 515511, 8111110155, 97,
638, 054, 673, 852 negeti, 12015551515, 122 ahenum, 104,
353, 362, 411,417 01151155, 151 5156551155, 199 peculi, 203,
51515515, 217 amorem, 218 15115115, 222, 440, 859 Chalinum,
223 5155151551, 242 551155, 258 11551111, 276, 520 amere, 291
1551111115, 293 11511515, 332 5115111115, 336151555534301151155,
344 necessumst, 351 Chalinus 3781511551551, 381 quietum, 382
513 (bis), 514 (bis) paratum, 415 labere, 435 515151, 443 recessim,
459, 591, 677, 960, 969 amator, 477 55051515, 478 paratus,
478, 616 51551551, 515 51515155, image, 536 555511, 5815505115,
581, 615 5151555, 596 vocivae, 612 515155, 639 meraca, 658
1115151551, 685, 857 adaeque, 685 155515, 739 11511555, 764 511-
111155, 707 carena, 782 maritum, 796 carena, 827 parata, 831
(15111155, 859 1551115, 933 eedem, 971 lupina, 973 caninam,
994 5515115, 1014 51111, 1055 gravate.

Cistellaria.

1 amicam, 4 1155515111, 6 15115115, 12 lubenti, 29, 68, 70
51551515, 46 necessest, 47 15111155, 55 adaeque, 103 515511, 107,
449 benigne, 107 551155, 131, 132, 191, 300 amere, 133 5151555,
173 pudice, 174 propinquam, 203 55151551, 207 aminis, 227
51515551, 237 515155, 253 5515 versus sit plane corruptus non
liquet, ¹quomodo verbum „amica“ etin v. 276 quomodo voca-
bulum ,,515(1115“ 1551151551. 2985155115, 305 opima, 314, 368
5155151, 3735 (15111155, 3781111155, 492 facetus, 50411511511115,

 

