14

Casina.

41156115 (1111011115), 611665101, 28 5005511115, 48, 7911561155,
83, 698, 912, 913 111016010, 103 10561155 (16561), 136 00611115,
138 0015565, 126 50611515, 188 (1110101155 (1501515 01. 0511-
(1155115,05111(1155115), 244, 259 5056015, 282, 535 110155155, 296,
342, 363 51161155 (511515), 334, 666 10116510, 350 1151551101,
351, 396 5116115, 411 0556511115, 512, 560 51015515, 5455016515,
619 555511, 649 11155111, 66415165105, 818 5511615105, 848 115-
1111155, 932 profectus,

Cistellaria

611015651051,1415005550, 75 55551151, 196, 466 50165155,
[126 0555151, 135, 139, 149, 166, 167, 169, 171, 553, 621
11561155,137 110165155, 151 11561150,1651151615115,2225555-
165, 233155511151, 383 capillo, 404 todi 11115, 449, 465 50105155,
477 5555105, 514, 516 65151555, 5611516515, 639, 636, 714

1151611105, 65915065105, 666, 762, 7641516010, 681 15665105, ,

685 500165155, 712 1151551101, 721 51165655, 761 51016511, 762
51555551 (cf. 75516011, p. 21).

05105110.

6 055505, 40 500165155, 6415165155, 89 50165105, 102
501151155, 103 (1555155151, 106 vicissim, 115 50105511, 123 111-
665101, 1235555105, 149, 152 5551111, 1655555165, 187 5555110,
1860565105, 201 5011651115, 258 magistro, 285 11155555 (p. 9),
28812931, 389 0116110, 202 1111165105, 300, 403, 418, 426, 531,
5701516010, 529 1110160155, 347, 365, 369, 412, 422, 432,
545 (bis) 15661155, 357 1151551101, 528 11561155, 551 15661115,
572 50155155, 605 15165105. 691 0516110.

Epidicus

15 1101165155, 37 5155555551, 63 50165155, 168 1155051155,

165 50111110155111. 22), 184 51515115, 229 (1110155515 (annus -
perennis), 251 15661150, 3281551155, 375 0555155, 398, 470,

 

