21

Bacchides,

4, 175, 389, 414, 467, 493, 495, 50], 560 55661551, 20
20 latronem, 31 Cupidon, 60, 187, 435, 475, 607 556611, 61,
145, 390, 574 51515551, 63 periclum, 66 55156511551, 68 machaera,
70 5515115 (p 11), 94 551611, IIILycingUS, 126 5516151551, 140,
177, 193, 367, 502, 007, 717, 718, 755 515155,154 vacivum,
170 511115, 173 515515111155, 1805111615, vadatum, 187, 2451000
55161551, 21 19551615551, 233, 366, 1931151111, 271 556515515. 12),
280 strigorem, 347, 377, 380, 541, 618 5511555, 35115111551, 358
1516155151, 360 5116555, 372, 569 5516155, 373 5111155, 386, 475
1156 551155, 386, 557 5511555, 401 malignus, 404, 453, 460, 468,
1484), 489, 534 5566115, 405 55615, 415 negotist, 416 lubidost,
426 115156511515, 431 551565115, 438 honorem, 477, 547 515151,
491 11661515, 14981, 539, 549 55115551, 5101111615, 51715651,
531156515,5325155615563141116515, 5921161515, 6131155615,
624 5115115, 1675 6116111151 112515515, 719 55161551, 720151611,
731, 734 55161515, 742, 102965161551, 752, 827, 830, 9655511515,
887 1555116515, 938 relictus (p. 12), 940,1946111111155 (515511),
19491, 962 Ulixem, 962 551151551, 985 5116155, 991 15156155,

1042 amator, 1066 555655551, 1070 551615, 1087 1111611, 1115
5511555, 11211 negoti, 1150 lenitum, 1163 5515161. , ‘

Captivi. ἲ V

2 iugali, 8, 706, 876, 1011 quadrimum, 61 iniquum, 73
5516151, 92, 144, 702 5511155, 11071551611151, 112, 767 5516555,
141, 44151515155,181 515151, 15315151551151), 155 remissum, 168
61611115, 173 vocatus, 176, 276155615, 1180 55115151, 199 51111,
203 5516515, 205, 206 b 55111165, 247, 279, 356, 392 honore, 281
opimae, 340 periclo, 385 locorum, 389 salntem, 4065511515, 408
516155, 426 supremum, 427 15161551, 439 1166115116611, 444
55151555, 471 Lacones, 512 ,561 sodalem, 528, 698 5561115 538

¹) (1.1 O Lachmann: In T. 11551515 Cari: 6511511115 natura
5515155515555.Β51.51 1850. 5. 551 „missus 51 555555 vocali 5 56555
5651551551.

 

